# zmid n(z) from loa-v1 n(z) with contaminant
1.499999999999999944e-02 9.371277601365688922e-03 9.371277601365690657e-03
2.500000000000000139e-02 8.601327299078495234e-03 8.601327299078495234e-03
3.500000000000000333e-02 6.544365389810086892e-03 6.544365389810086892e-03
4.499999999999999833e-02 5.363991968860208452e-03 5.363991968860208452e-03
5.500000000000000722e-02 4.495343585252199736e-03 4.495343585252199736e-03
6.500000000000000222e-02 5.118471371298238121e-03 5.118471371298238121e-03
7.499999999999999722e-02 5.239657901898698081e-03 5.239657901898698081e-03
8.499999999999999223e-02 6.408186366098627719e-03 6.408186366098627719e-03
9.500000000000000111e-02 8.150613146456818156e-03 8.150613146456818156e-03
1.049999999999999961e-01 6.336084843042189517e-03 6.336084843042189517e-03
1.149999999999999911e-01 5.537080778170896424e-03 5.537080778170895556e-03
1.250000000000000000e-01 4.666379541664291558e-03 4.666379541664291558e-03
1.350000000000000089e-01 3.013556620272318017e-03 3.013556620272318017e-03
1.450000000000000178e-01 2.138743461597467522e-03 2.138743461597467522e-03
1.550000000000000266e-01 1.762810593109610758e-03 1.762810593109610758e-03
1.650000000000000078e-01 1.296247787472415989e-03 1.296247787472415989e-03
1.750000000000000167e-01 1.107159512025705176e-03 1.107159512025705393e-03
1.849999999999999978e-01 1.088313819885203823e-03 1.088313819885203823e-03
1.950000000000000067e-01 9.573651806801091726e-04 9.573651806801090642e-04
2.050000000000000155e-01 8.461353993648633659e-04 8.461353993648633659e-04
2.150000000000000244e-01 7.366146937915378024e-04 7.366146937915379108e-04
2.250000000000000056e-01 6.696393112598998838e-04 6.696393112598998838e-04
2.350000000000000144e-01 5.576308238781397955e-04 5.576308238781397955e-04
2.449999999999999956e-01 4.906663766292457566e-04 4.906663766292457566e-04
2.550000000000000044e-01 4.366208349508444433e-04 4.366208349508444433e-04
2.650000000000000133e-01 3.808308984512939646e-04 3.808308984512939646e-04
2.750000000000000222e-01 3.411487032734941758e-04 3.411487032734941758e-04
2.850000000000000311e-01 2.785437549094975092e-04 2.785437549094975092e-04
2.950000000000000400e-01 2.849994564933618557e-04 2.849994564933618557e-04
3.049999999999999933e-01 2.800147680011244263e-04 2.800147680011244263e-04
3.150000000000000022e-01 2.420846575069908783e-04 2.420846575069908783e-04
3.250000000000000111e-01 2.026985049891452434e-04 2.026985049891452705e-04
3.350000000000000200e-01 1.694126637159189730e-04 1.694126637159190001e-04
3.450000000000000289e-01 1.435980772552372447e-04 1.435980772552372447e-04
3.550000000000000377e-01 1.146070248046942913e-04 1.146070248046942913e-04
3.649999999999999911e-01 9.817197575575212275e-05 9.817197575575210920e-05
3.750000000000000000e-01 8.554354902097801693e-05 8.554354902097803049e-05
3.850000000000000089e-01 7.175135627109946619e-05 7.175135627109946619e-05
3.950000000000000178e-01 5.703089499591644339e-05 5.703089499591644339e-05
4.050000000000000266e-01 5.127447923443015886e-05 5.127447923443015886e-05
4.150000000000000355e-01 4.608067312369892328e-05 4.608067312369892328e-05
4.250000000000000444e-01 4.711665625986622726e-05 4.711665625986622726e-05
4.349999999999999978e-01 7.471149615040728153e-05 7.471149615040728153e-05
4.450000000000000067e-01 1.137512176834314364e-04 1.137512176834314500e-04
4.550000000000000155e-01 1.401169863476430996e-04 1.401169863476430996e-04
4.650000000000000244e-01 1.148031403344187327e-04 1.148031403344187327e-04
4.750000000000000333e-01 9.309200075907620147e-05 9.309200075907620147e-05
4.849999999999999867e-01 8.711773149761694115e-05 8.711773149761694115e-05
4.949999999999999956e-01 8.009907186360564922e-05 8.009907186360564922e-05
5.050000000000000044e-01 8.452765304480539194e-05 8.452765304480539194e-05
5.150000000000000133e-01 6.811873500931181057e-05 6.811873500931181057e-05
5.250000000000000222e-01 3.770361853860108365e-05 3.770361853860108365e-05
5.350000000000000311e-01 3.420006151365036565e-05 3.420006151365036565e-05
5.450000000000000400e-01 3.496057043220113285e-05 3.496057043220113285e-05
5.550000000000000488e-01 3.818347801482197652e-05 3.818347801482197652e-05
5.650000000000000577e-01 4.128103070629942804e-05 4.128103070629942804e-05
5.750000000000000666e-01 4.582304216433241462e-05 4.582304216433241462e-05
5.849999999999999645e-01 5.138844141160348679e-05 5.138844141160348679e-05
5.949999999999999734e-01 5.616036497452180743e-05 5.616036497452180743e-05
6.049999999999999822e-01 6.358043019140453725e-05 6.358043019140453725e-05
6.149999999999999911e-01 7.235319403557055975e-05 7.235319403557057330e-05
6.250000000000000000e-01 7.800242963613960201e-05 7.800242963613958846e-05
6.350000000000000089e-01 8.646737010195618643e-05 8.646737010195618643e-05
6.450000000000000178e-01 9.537324783875579428e-05 9.537324783875579428e-05
6.550000000000000266e-01 1.047989401769415030e-04 1.047989401769415030e-04
6.650000000000000355e-01 1.205298069304394572e-04 1.205298069304394572e-04
6.750000000000000444e-01 1.298988419405235203e-04 1.298988419405235474e-04
6.850000000000000533e-01 1.517602807434311309e-04 1.517602807434311309e-04
6.950000000000000622e-01 1.939858197273165231e-04 1.939858197273165231e-04
7.050000000000000711e-01 2.692773592068568086e-04 2.692773592068568086e-04
7.150000000000000799e-01 3.153981678126922816e-04 3.160589230885498544e-04
7.249999999999999778e-01 3.605350893517809008e-04 3.622985411381242664e-04
7.349999999999999867e-01 4.083288455855828476e-04 4.111605983609952332e-04
7.449999999999999956e-01 4.594717367699962282e-04 4.633393738067772020e-04
7.550000000000000044e-01 5.146530176440808650e-04 5.195259476708174269e-04
7.650000000000000133e-01 5.725285371132520862e-04 5.783778899441256987e-04
7.750000000000000222e-01 6.415597522198434764e-04 6.483582857193527201e-04
7.850000000000000311e-01 6.994437521719735823e-04 7.071656859242287079e-04
7.950000000000000400e-01 7.553017917686375218e-04 7.639227785356277793e-04
8.050000000000000488e-01 8.084336214157926328e-04 8.179306179995404552e-04
8.150000000000000577e-01 8.529894349371616594e-04 8.633406725745996222e-04
8.250000000000000666e-01 8.856115543891071194e-04 8.967963673947155047e-04
8.350000000000000755e-01 9.134892571685815366e-04 9.254880929023940293e-04
8.449999999999999734e-01 9.900225301850851950e-04 1.002816895879323107e-03
8.549999999999999822e-01 9.894446675316386029e-04 1.003016951333919647e-03
8.649999999999999911e-01 9.810299758419996699e-04 9.953635846492820891e-04
8.750000000000000000e-01 9.859336352728332881e-04 1.001012735774291229e-03
8.850000000000000089e-01 9.872997502090934911e-04 1.003109381366224266e-03
8.950000000000000178e-01 9.882082262127947752e-04 1.004734081526770760e-03
9.050000000000000266e-01 1.007463567094110711e-03 1.024692226789166013e-03
9.150000000000000355e-01 1.022733283436556839e-03 1.040651850850451369e-03
9.250000000000000444e-01 1.072230388642437865e-03 1.090826674981520148e-03
9.350000000000000533e-01 1.054247000429087231e-03 1.073509466184335761e-03
9.450000000000000622e-01 1.022543595870780342e-03 1.042461123772441683e-03
9.550000000000000711e-01 1.009631192232783711e-03 1.030193390454291072e-03
9.650000000000000799e-01 9.863887983526805573e-04 1.007585685671336193e-03
9.749999999999999778e-01 9.770637545083152211e-04 9.988858567376202209e-04
9.849999999999999867e-01 9.498596014341177327e-04 9.722979395546045870e-04
9.949999999999999956e-01 9.476499591688101933e-04 9.706958385181190235e-04
1.004999999999999893e+00 9.254539558412457978e-04 9.490994130338312185e-04
1.015000000000000124e+00 9.071692516115537367e-04 9.314063869797186345e-04
1.024999999999999911e+00 8.893894560180657348e-04 9.142109107245997282e-04
1.035000000000000142e+00 8.214140678573852040e-04 8.468128018223840519e-04
1.044999999999999929e+00 7.809593083068319024e-04 8.069287093397095253e-04
1.055000000000000160e+00 8.153249382468626648e-04 8.418585746074757660e-04
1.064999999999999947e+00 7.767127585715975042e-04 8.038046229403885941e-04
1.075000000000000178e+00 7.643798473427094878e-04 7.920241197870296927e-04
1.084999999999999964e+00 7.550631711382367649e-04 7.832544149378772901e-04
1.095000000000000195e+00 7.361795525445771499e-04 7.649125569878958801e-04
1.104999999999999982e+00 7.211594819679497878e-04 7.504292497537704476e-04
1.115000000000000213e+00 7.092870442070945422e-04 7.390888620764890201e-04
1.125000000000000000e+00 7.034504526232804311e-04 7.337799305251013586e-04
1.135000000000000231e+00 7.009957289918591124e-04 7.318485018011186734e-04
1.145000000000000018e+00 6.892097904142516088e-04 7.205818020379010230e-04
1.155000000000000249e+00 6.809523874623076489e-04 7.128398420180039833e-04
1.165000000000000036e+00 6.772537351365658272e-04 7.096529916188757314e-04
1.174999999999999822e+00 6.625232950386458980e-04 6.954308578752462378e-04
1.185000000000000053e+00 6.537375865798040900e-04 6.871500895213569944e-04
1.194999999999999840e+00 6.524046537162208953e-04 6.863191073012916716e-04
1.205000000000000071e+00 6.447863532830629086e-04 6.791996744178501388e-04
1.214999999999999858e+00 6.329810490705869118e-04 6.678905887387961895e-04
1.225000000000000089e+00 6.068009129898423691e-04 6.422038543171253340e-04
1.234999999999999876e+00 6.141924660471012511e-04 6.500863558868769576e-04
1.245000000000000107e+00 5.946183708015437578e-04 6.310008594406189830e-04
1.254999999999999893e+00 5.898792643570092325e-04 6.267480912709591035e-04
1.265000000000000124e+00 5.724608766623682458e-04 6.098138685357667012e-04
1.274999999999999911e+00 5.551227081192199606e-04 5.929579492572307304e-04
1.285000000000000142e+00 5.569045146575873732e-04 5.952201767444319528e-04
1.294999999999999929e+00 5.549768580517591959e-04 5.937710120370405173e-04
1.305000000000000160e+00 5.544204798270011784e-04 5.936915255205103869e-04
1.314999999999999947e+00 5.370513729487490099e-04 5.767979257846575806e-04
1.325000000000000178e+00 5.352818589495425420e-04 5.755022605689775073e-04
1.334999999999999964e+00 5.469316694690384319e-04 5.876245996568835259e-04
1.345000000000000195e+00 5.352739690688280679e-04 5.764381649576206688e-04
1.354999999999999982e+00 5.170319442460499923e-04 5.586661902410305913e-04
1.365000000000000213e+00 5.153836008960959109e-04 5.574868975178000384e-04
1.375000000000000000e+00 5.005685651077708626e-04 5.431399825718949328e-04
1.385000000000000231e+00 4.921913363690351689e-04 5.352295658439882231e-04
1.395000000000000018e+00 4.831695814280142229e-04 5.266743093451892004e-04
1.405000000000000249e+00 4.735860074589355573e-04 5.175559011767905809e-04
1.415000000000000036e+00 4.653026871951564222e-04 5.097374195670580869e-04
1.424999999999999822e+00 4.673473052786168485e-04 5.122461678752753683e-04
1.435000000000000053e+00 4.565609961223984943e-04 5.019232904435302683e-04
1.444999999999999840e+00 4.551472423599617822e-04 5.009724993463164936e-04
1.455000000000000071e+00 4.346887527455386676e-04 4.809765275563447303e-04
1.464999999999999858e+00 4.299531160642902942e-04 4.767029900254243975e-04
1.475000000000000089e+00 4.232008642066560937e-04 4.704124388010516144e-04
1.484999999999999876e+00 4.165440456596419491e-04 4.642174088654664986e-04
1.495000000000000107e+00 3.208376847717205331e-04 4.629566501725172691e-04
1.504999999999999893e+00 3.045390911671467951e-04 4.570414301031054650e-04
1.515000000000000124e+00 2.857582365252746780e-04 4.511923555769726505e-04
1.524999999999999911e+00 2.959164427455781188e-04 4.453987011148884297e-04
1.535000000000000142e+00 2.508180224679464857e-04 4.396646216027914130e-04
1.544999999999999929e+00 2.701712351254260047e-04 4.339897062347082687e-04
1.555000000000000160e+00 2.718683405913340867e-04 4.283664360757887175e-04
1.564999999999999947e+00 2.691544286000116201e-04 4.227970783305378950e-04
1.575000000000000178e+00 2.786798699799290183e-04 4.172798410722562755e-04
1.584999999999999964e+00 2.642438732486141503e-04 4.118129512128604385e-04
1.595000000000000195e+00 2.447804419955206933e-04 4.063946892511688066e-04
