-8.924519600140243814e-01 -3.968128505424735053e-01
-8.007948801937609939e-01 -6.991859089406495809e-01
-8.748469187193372854e-01 -7.079979406006500220e-01
-8.929287738378695050e-01 -1.718002334380819285e-02
-1.154617831474469725e+00 7.264175521568931870e-01
-9.501010731437704582e-01 -7.082409138596941212e-01
-1.158733997618403455e+00 1.957772032615352487e-01
-1.052025405760490973e+00 2.921371482394614638e-01
-1.142352499692369960e+00 2.548064276422257191e-01
-1.239325707250392039e+00 6.655906323097791066e-01
-8.714798295355453694e-01 -5.660675090119067221e-01
-1.116010940875778790e+00 6.588262049270521281e-01
-9.328362166634638353e-01 -2.088483154873008729e-01
-1.003645981786108532e+00 -4.193533105135085481e-01
-9.011050152975629279e-01 7.656863321477080930e-03
-1.016244716064556020e+00 -4.922748419687437149e-01
-8.783240367345280797e-01 -2.519716881931299834e-01
-1.158624613084080934e+00 4.866587541523235139e-01
-9.987261772397412196e-01 3.779631957795492880e-01
-9.383045933605013156e-01 -3.258289846005320012e-01
-8.226307636873727569e-01 -6.915374339288193895e-01
-8.215137715524576389e-01 -8.882929396906107389e-01
-7.911811685737353272e-01 -6.604271885066583803e-01
-9.976047072830146467e-01 -7.910468603791120934e-02
-1.196969052923248178e+00 3.825879786372050617e-01
-1.076718539439814215e+00 2.533356648203706207e-01
-8.862354277660361435e-01 -5.756706341042228114e-01
-1.091638355025522866e+00 8.050485746521052199e-02
-8.647541625259673737e-01 -4.699811915364573434e-01
-8.539056921751446705e-01 -5.902729929135601683e-01
-1.092271016890684621e+00 -1.069754428657216927e-01
-9.080714604349512387e-01 -3.266551027210078395e-01
-1.196751196926864935e+00 4.234091807410125252e-01
-1.228105561793606748e+00 6.835746241709621529e-01
-1.165517969252723995e+00 8.399119852013945398e-01
-1.215593238004497145e+00 5.722810361203340968e-01
-1.105963958168469929e+00 6.631614282995534904e-01
-1.037049115824749901e+00 -1.623010311447261600e-01
-8.200957858943075385e-01 -4.843492684123211767e-01
-8.429690554138542513e-01 -4.572358917937113798e-01
-1.100358458985447374e+00 -1.173899237601361278e-01
-1.110072591596843017e+00 3.074812465585663457e-01
-7.561571289375088600e-01 -8.071040015492512154e-01
-8.220938885740780577e-01 -6.312637267892795556e-01
-8.535996243451637877e-01 -5.269276321849447609e-01
-9.799400729756968520e-01 -4.734099752654117310e-01
-1.043551685865083289e+00 1.842267454313752939e-01
-1.204673425241291840e+00 9.493678454855567495e-01
-1.047230961778188085e+00 -8.173242582147532964e-02
-8.291168244641313745e-01 -8.052680904905511472e-01
-9.988463120145576468e-01 -3.847982834871139790e-01
-9.828817307062756026e-01 -5.255223071994654660e-01
-8.738596734050314563e-01 -4.254448539313939737e-01
-1.170236626788569101e+00 7.007617040450022650e-01
-1.113610608854663120e+00 3.913147983248437267e-01
-1.098212810760536673e+00 2.242556869262219976e-01
-9.270275989652231319e-01 -2.613298333266351747e-01
-8.353728210545517952e-01 -2.628938595204819428e-01
-1.086527856992316243e+00 3.663699018763040272e-01
-1.101059003139697623e+00 5.687540058394957576e-01
-1.231696111119845671e+00 7.681730184026092090e-01
-8.980649810252896437e-01 -8.133864080942410091e-01
-8.358965502063857578e-01 -3.059628298661669632e-01
-8.796471073460067069e-01 -3.398444242695981554e-01
-9.406042954514437504e-01 -2.979875521633199575e-01
-1.042241891959586608e+00 1.684629454977362162e-01
-9.830217167832855374e-01 2.638764712402632551e-01
-1.009512397811750617e+00 -4.779054432429328259e-01
-9.378695058942231322e-01 6.313836539364614531e-02
-1.226277490674934967e+00 7.125975354059193023e-01
-9.375182799768069231e-01 2.056437073492893841e-01
-9.313977439154714766e-01 -5.922445977356542990e-01
-1.079851378059254685e+00 2.991239508837943983e-01
-9.571896443526395348e-01 -3.317862479133224518e-01
-8.041879672265315193e-01 -8.231887000093378592e-01
-1.070170139103893359e+00 1.612657385714379998e-01
-1.192701764062838787e+00 3.784380756019485315e-01
-9.336272813142532101e-01 -6.986369410212609488e-01
-9.528486826446354030e-01 -9.462701928302896803e-03
-8.174641058181492115e-01 -8.380109976389376047e-01
-9.631690312555987177e-01 -7.627638815194437427e-02
-9.260467428087246766e-01 -1.954593641176469720e-01
-8.769607612310554856e-01 -5.127701122667198685e-01
-7.774333878724587477e-01 -9.730018686212371648e-01
-1.127755627396891391e+00 1.144109599475362504e-01
-9.516618502005236291e-01 -5.165973483262438215e-01
-9.297161579727097891e-01 -6.958807249025020791e-01
-1.209281448743380505e+00 5.936045490146149017e-01
-1.137273986184388130e+00 3.894228307328617689e-01
-1.164687510004826398e+00 6.662109744942763534e-01
-7.629337172029945213e-01 -8.671320585306436790e-01
-1.165170762748581446e+00 4.411602936204401804e-01
-9.369501246292240015e-01 -3.916735606335550735e-01
-1.211481572281829511e+00 9.413439114168851152e-01
-1.134633395971662573e+00 1.041039959335667842e-01
-9.967127250176786024e-01 -6.982986377847355541e-02
-9.057995102795994846e-01 -3.701027969042003374e-01
-8.949414862727047559e-01 -3.218536694710438795e-01
-1.023693092009846817e+00 5.946350169025094168e-02
-1.159888422394425689e+00 8.201129985044228743e-01
-1.041216710585740390e+00 1.712243418068399858e-01
-9.424224933283209538e-01 -2.209574814287043054e-01
-7.681835226446669385e-01 -8.744434860325136505e-01
-1.031974495220594701e+00 2.903781508963936275e-01
-9.862923929374973753e-01 -3.126908432329944532e-02
-8.633778490899789437e-01 -6.447796310509847917e-01
-1.004000403992656443e+00 -1.514054038899799171e-01
-9.998891415796353765e-01 3.099017053517296727e-01
-9.103677943457175736e-01 -1.975446085182739342e-01
-1.114169582229000532e+00 3.627504837506512203e-01
-8.803258505100263198e-01 -2.774774328843432336e-02
-1.153608273093879477e+00 6.953351844172601659e-01
-7.934714305048076177e-01 -6.601055505314201710e-01
-1.051469964384768474e+00 3.526886604934500458e-01
-1.141341642568873160e+00 1.918778859892642519e-01
-1.097723968782123416e+00 5.863261864452231631e-01
-1.006522675441229753e+00 -6.592907674248671412e-02
-1.197417197369771369e+00 9.208332916729984330e-01
-9.089612719052957424e-01 -6.602259175379414646e-01
-8.470751470048621945e-01 -3.598281504612346193e-01
-1.110013543813805237e+00 -1.069697104779576691e-02
-9.910659122687516254e-01 1.313576730981551588e-01
-1.036642760598430524e+00 -1.258551413313298006e-01
-9.399706555526943230e-01 -3.580324679594681925e-03
-1.158040608857660025e+00 3.770465347335532069e-01
-9.557447211438425683e-01 -1.280439073804058303e-01
-1.087246605086954698e+00 6.110292517962652159e-01
-8.044728656090249785e-01 -5.724277179616177325e-01
-8.412680684290128053e-01 -9.612970606003183871e-01
-7.656341131461197325e-01 -7.721753968719162753e-01
-9.338916439099773648e-01 -1.733461415039572184e-01
-1.064933962099865905e+00 -8.234906065636660166e-02
-1.049076713838556829e+00 -2.621091041860219573e-01
-1.043505236143476900e+00 3.349560592483009636e-01
-9.334304459908713270e-01 -5.592975902654389042e-01
-1.072751007396211431e+00 -8.742426845752993003e-03
-1.045764270783143157e+00 5.582018351067619122e-02
-1.175052514948476734e+00 7.363877174775452783e-01
-9.786316196965871850e-01 2.706705943156890726e-01
-1.000764728252930169e+00 1.200033938727744776e-01
-1.092445153028526406e+00 6.795967682234196339e-01
-1.089401010378771684e+00 6.462557906151134013e-02
-1.083888529322708516e+00 -1.323590939036363157e-01
-1.179140762822598276e+00 7.494351666722398608e-01
-1.165764202375882741e+00 6.908515511358646055e-01
-8.993411089781321310e-01 -8.491489151839832772e-01
-1.215888408548284838e+00 9.362821335014734903e-01
-1.059412759201815213e+00 1.381929982867426965e-01
-9.066082126210541769e-01 -7.561161821609272415e-01
-1.183307153049312443e+00 6.983705149077923391e-01
-1.119191749667837188e+00 4.364030958235189939e-01
-1.219964337089446849e+00 7.126465991874220141e-01
-9.544062924616477650e-01 -3.353326522049797642e-01
-1.183292073665141109e+00 6.294551682505515888e-01
-8.564938035459004340e-01 -5.721596681021687836e-01
-9.513672392471885786e-01 -4.408019068691120257e-01
-9.587266232868607574e-01 -5.497107981423641210e-01
-1.057631454599617715e+00 4.944436693537561656e-01
-8.879715039312340297e-01 -4.721413763208270886e-01
-1.036079886416478191e+00 7.585896923238300005e-02
-1.152395704288617484e+00 2.993759975548704322e-01
-9.859351290407769586e-01 8.806155086141864707e-02
-1.133331032178152675e+00 6.837374793505612836e-01
-1.003656941169987160e+00 2.701763144888318369e-01
-1.010237077353734136e+00 -5.085211109583747113e-01
-1.244519472570443375e+00 7.616181672612809539e-01
-1.180998600739975757e+00 4.820179443735612690e-01
-1.001192140376165218e+00 -8.289021997216772242e-02
-8.028798315074434644e-01 -7.520488745845124168e-01
-9.939490356886133693e-01 -1.178967939625690242e-01
-1.088035977391709874e+00 6.011278837921121276e-01
-7.951417032479035640e-01 -6.937844457175201818e-01
-1.026689387331082282e+00 1.122704576830579892e-01
-9.560885396943887837e-01 -5.887987808636498954e-01
-8.045788440408671027e-01 -6.405156680399002322e-01
-8.595983968883414983e-01 -7.108158301591847028e-01
-1.244665481227089199e+00 9.745976332617158899e-01
-1.125503204531769219e+00 7.531177538476718780e-02
-9.536862645186823251e-01 -2.888349664796139304e-01
-1.073749903642446935e+00 1.687644213377732516e-01
-8.522237983059197663e-01 -2.604748844723123735e-01
-9.923598491219103312e-01 -4.555701279929449399e-01
-1.149408322838911367e+00 8.186703221004703046e-01
-1.046596008265382016e+00 2.674145456887091488e-01
-1.014303108953467758e+00 2.532731435431105904e-01
-1.112754206435448756e+00 4.289557233329042152e-01
-1.088263100790315852e+00 2.184246774169238403e-01
-9.215107665309963947e-01 -4.611753568371577128e-01
-1.097719890157251799e+00 2.205035390845317966e-01
-8.687630307933044138e-01 -8.885776465949346559e-01
-9.798322482744541428e-01 2.311777217015649200e-01
-1.155586381221325620e+00 2.610470209399786690e-01
-1.213551587094882755e+00 9.169714397603232481e-01
-1.077229811770249235e+00 1.403183748574088341e-02
-1.066863638233185529e+00 4.772784265524296909e-01
-1.112221759174050195e+00 6.684133608469218224e-01
-1.131112420259311913e+00 7.858427873893962801e-01
-1.076630141023120935e+00 8.072072187693035694e-02
-1.155972729990764059e+00 7.545100107132314271e-01
-7.504573900487020444e-01 -9.764257319264830759e-01
-9.379734386810243407e-01 -2.275002377374180096e-01
-1.192108204652927883e+00 6.455295992899612312e-01
-7.530983659837464650e-01 -9.949324528837364401e-01
-8.897245873403730743e-01 -5.725993164100884325e-01
-8.795974245988944507e-01 -2.389498202451056930e-01
-1.116184466995719049e+00 3.944322245727447385e-01
-1.042686935181332819e+00 2.398063361121496317e-01
-1.196809577168416183e+00 7.634161829975376623e-01
-8.184324210630932184e-01 -7.719815176718103356e-01
-8.364845529981428385e-01 -7.642706754155033089e-01
-9.563544257533665993e-01 -2.692246671273499370e-01
-1.061511425156969723e+00 5.339925851245095334e-01
-9.578729406788668577e-01 -4.306476035968589411e-01
-1.042886770103880423e+00 -5.354268313323240491e-02
-9.471326093513945388e-01 -4.360711166813402428e-02
-1.063924923476356810e+00 2.879828305261997734e-01
-9.762436606818297724e-01 -8.282768906008808329e-02
-9.094552687588366435e-01 -6.720654186452750256e-01
-1.005352504944265757e+00 1.136348875006258918e-01
-1.070959099835333994e+00 5.566502061626863451e-01
-9.903789358642189899e-01 3.516534384836036420e-01
-1.205335027871781373e+00 7.131109890432729692e-01
-1.114930709976728718e+00 -3.164569384094528814e-02
-1.079630244579962595e+00 -1.281404315216851941e-01
-1.056254065934691511e+00 -2.373306264093790752e-01
-8.623391355194260921e-01 -8.580296887580129983e-01
-9.198551630964143522e-01 -5.269155392126794180e-01
-9.802346681778688620e-01 -1.012430135673074716e-01
-9.923234739604134269e-01 -5.298748455793853562e-01
-9.839922779655927432e-01 -2.923911618329209094e-01
-1.059939470026812547e+00 5.822769696243006443e-01
-9.271841551640446211e-01 -1.180234481823696502e-01
-8.458772907200076130e-01 -6.844462247882587835e-01
-8.427845298277609754e-01 -9.247559174720405561e-01
-1.063384868876198430e+00 3.523664973731410743e-01
-1.001788714368695432e+00 -5.344589953430940454e-01
-1.130594804152452060e+00 7.514373408992622849e-01
-9.881886205258098022e-01 -3.966242004044400193e-01
-1.213281682329904854e+00 6.805859364495503439e-01
-8.949654956168431319e-01 -4.974354032899879208e-01
-1.121035917099846735e+00 1.405084817857193968e-02
-8.457822021367533694e-01 -2.477210130477658367e-01
-8.977830998111673289e-01 -9.144196152179739912e-02
-8.645216804052764381e-01 -4.048298823158320570e-01
-8.887273394318040420e-01 -2.495693432178609505e-01
-1.110186417894913680e+00 4.414779843693144024e-01
-9.037634682374959816e-01 -3.700888440845453431e-01
-1.020855151236076175e+00 3.168988414089670691e-01
-1.050681806557546727e+00 -1.485108831901662541e-01
-8.606493070679228641e-01 -1.837827310431172645e-01
-1.136445369116690252e+00 2.354745597430525361e-01
-1.203888473984655594e+00 9.181361882396295027e-01
-1.040369137362248342e+00 2.047115512279118477e-01
-1.124209192914174427e+00 3.918744541000096504e-01
-1.022092905214003977e+00 -2.547283287789787742e-01
-1.013052920557166114e+00 2.836516387955847485e-01
-1.102566357205780667e+00 1.464412883134438292e-01
-9.839803231712188625e-01 -2.366647651470954461e-01
-8.522360934352053441e-01 -6.853165878588609594e-01
-1.060106425109070827e+00 3.345726501035195533e-02
-1.174635149360337749e+00 7.744832495554949681e-01
-1.073777685585208364e+00 -1.910237644277605895e-01
-1.105322486788222314e+00 4.672273349932269948e-01
-9.688279014131073730e-01 -3.119232949771433283e-02
-9.767599866209442094e-01 -5.334097166688540614e-01
-1.103216960978315786e+00 6.909304870392534159e-01
-8.116900849001997820e-01 -9.686758981324543605e-01
-8.265567201714612011e-01 -5.233705323574893153e-01
-9.293090613038410552e-01 -2.645820866583439290e-01
-9.851675338171751450e-01 -2.363656850547466437e-01
-8.903694340114112205e-01 -2.672283354230509111e-01
-1.042207295408571044e+00 -3.543767655132166183e-01
-8.445775178338230660e-01 -3.923402663149435643e-01
-9.803397295105763520e-01 1.492310783009449526e-01
-9.444414459712862087e-01 -7.510399142529444738e-01
-1.019570948625428297e+00 3.295330734433230546e-01
-9.444226641517321497e-01 -5.837075537817559834e-01
-1.127988913122774051e+00 5.930157675308966869e-01
-1.219829229675122528e+00 6.661106625594126474e-01
-1.181667185521530605e+00 3.422991139429238938e-01
-7.794037816177450395e-01 -8.714767186982466107e-01
-9.544984788326922320e-01 1.000499460087844739e-01
-1.044238700510768281e+00 -1.483101581334607122e-01
-1.194759662341834394e+00 4.000567022598282563e-01
-1.041284177368667629e+00 1.649709910201528906e-01
-1.175929850303956581e+00 3.577129214780641053e-01
-1.016692353295899132e+00 -9.291117246285596210e-02
-9.531511110058323855e-01 -4.098954510260803819e-01
-9.836652271242686263e-01 -4.571174284899968132e-01
-1.131015825410302877e+00 6.754238514760122492e-01
-8.057549245794746184e-01 -6.550795007096512634e-01
-9.832334180906464605e-01 1.688573170770151233e-01
-8.817431944517408748e-01 -6.218886931349087988e-02
-8.621444204393280408e-01 -3.635975607563217693e-01
-1.002965830241900225e+00 -3.713810892467084290e-01
-9.056141629198526388e-01 1.852505502763834855e-03
-1.152458929785149078e+00 8.175724199822536065e-01
-1.010700262855023013e+00 -3.001465564265282104e-01
-8.893994729651859554e-01 -8.787389076920617548e-01
-9.650492441256992571e-01 1.558323202669549268e-01
-1.065933373938183548e+00 -3.492118549702838415e-02
-1.199933162927794950e+00 4.779309238014661787e-01
-8.035590173535678282e-01 -7.719536977172025694e-01
-9.591732874377782991e-01 -4.750180056611850166e-01
-1.019936861322961352e+00 -2.969746394011560930e-01
-1.128929940757665396e+00 3.481186584053741484e-01
-8.002487906832953524e-01 -7.520184277820063379e-01
-1.133549067117309406e+00 2.484852784716793384e-01
-1.097401582564447198e+00 6.657942150087670097e-01
-9.186524131321200937e-01 -1.073182764611191331e-02
-9.084806432357818151e-01 -6.485936579908015975e-01
-7.821770230463627183e-01 -6.441526290590999793e-01
-1.110283602962237381e+00 1.055183246559472376e-01
-8.404871811038543417e-01 -4.415771693706280754e-01
-8.018508300861817428e-01 -6.339975417859748941e-01
-1.235154010136956249e+00 9.094048950527049424e-01
-9.597310071572606738e-01 -1.525176251831021901e-01
-1.126110390185526944e+00 6.309271466308943310e-01
-1.094070866355864924e+00 1.213682374300306677e-02
-8.092724736802965335e-01 -5.455307879346651401e-01
-9.166086098314863984e-01 7.362625407126111021e-02
-8.359617628147981705e-01 -6.557095500093721441e-01
-1.046580420032414027e+00 -1.033091157153238626e-01
-1.042716917469607818e+00 -1.753871219573026607e-01
-9.226387463310830039e-01 -1.768278674202914402e-01
-1.224489939173678099e+00 7.229922227420391145e-01
-9.145811136089887494e-01 -1.164850315897616451e-01
-1.153425721110149516e+00 5.226256835021152458e-01
-8.716888620182782210e-01 -1.326673335258119479e-01
-7.718993956643062093e-01 -7.978151750526312203e-01
-1.040541427693274068e+00 6.237418751835788200e-02
-1.076731059573515559e+00 1.464420844836478164e-01
-1.045375173633380950e+00 4.509334678939227459e-01
-1.101454378848335747e+00 6.481934457549161088e-01
-8.809362611534481413e-01 -7.625425493069406535e-01
-8.864097306189009373e-01 -9.141514077149937023e-02
-1.118597222339343666e+00 2.928968262625630814e-01
-9.040257363146328995e-01 -4.049585547319443091e-01
-1.112214426434425807e+00 2.685556758919327436e-02
-1.181878730034344294e+00 3.282555058901286404e-01
-9.804976273153437338e-01 -6.029310345018001893e-01
-9.317050829504918141e-01 -7.319304605519505458e-02
-1.019823838705426589e+00 -3.658315289667106729e-01
-1.044043216372366967e+00 1.015967186566946179e-01
-1.099336489267469075e+00 2.097223577673912320e-01
-9.918194562885910281e-01 3.672945588358309532e-01
-1.138862587165854423e+00 3.886249720994616741e-01
-8.578610911612480905e-01 -9.141996310208764243e-01
-9.269187954912578853e-01 -5.076021282190097406e-01
-1.109040727591441122e+00 2.038409009399135829e-01
-1.013190711245436804e+00 -3.553011071608831450e-01
-1.167851223194951160e+00 5.539543028190465623e-01
-7.538383029928064083e-01 -8.045475861332085366e-01
-1.189325442145629852e+00 8.013419634782583678e-01
-8.573347464013362229e-01 -5.906557857052043836e-01
-1.183333333173140378e+00 6.037932341881302456e-01
-9.276392527892863837e-01 -6.215904556680476034e-01
-9.896725946132739482e-01 -2.659019838565241933e-01
-8.805747742390352961e-01 -1.113370104584738840e-01
-9.132229247713267162e-01 -8.612901033725748334e-01
-1.160750028787433941e+00 4.442304284392004643e-01
-1.236193554639728909e+00 6.271194385781195813e-01
-1.026825069620184383e+00 -3.256767714117088097e-01
-1.154699094041983454e+00 4.908156180529066326e-01
-1.028151349628398714e+00 4.525710402003213506e-01
-1.090128791147939369e+00 5.689257137103291839e-01
-1.011584035273823012e+00 8.599944356783773003e-02
-1.027395468118227573e+00 4.429003261899455701e-01
-7.910283735790363258e-01 -8.302186808395288775e-01
-9.843301593076443368e-01 -5.584557256626552224e-01
-7.720541882776994491e-01 -7.730660166436307268e-01
-1.098003957213943060e+00 4.895054689004818549e-01
-1.145373020003354725e+00 7.069779931609609935e-01
-1.137528295842343384e+00 1.644427153189205182e-01
-1.158568239684687473e+00 7.056566532308043982e-01
-1.082921815489517936e+00 5.025209874974703173e-01
-8.425719418575944308e-01 -9.606974147308928735e-01
-1.165397957808592899e+00 3.374191828961887740e-01
-1.097488031499727068e+00 1.049688297931548053e-01
-1.133248091834166527e+00 7.399846950306296911e-01
-9.691398644638098414e-01 -3.960262326192687254e-01
-8.899941889790652372e-01 -8.719485408427951612e-01
-9.166099439606322230e-01 -6.552930433538486366e-01
-1.053517562896727711e+00 1.572527539265489160e-01
-8.248111228745196311e-01 -6.561109046728745842e-01
-1.178851908483902422e+00 2.584319859257984131e-01
-9.615933548634212347e-01 2.055133988526098854e-01
-1.119462579470306807e+00 6.302931786041743312e-01
-9.740111379561238181e-01 -4.708664579508248238e-01
-1.020717908138058405e+00 -2.860044718782479567e-01
-1.048259569038464845e+00 3.974743279606745006e-01
-1.136154679549247648e+00 4.669973230829587152e-01
-1.071148040486322728e+00 -3.436625261780479335e-02
-1.143341650324282810e+00 4.375079376932395903e-01
-1.086021304781119579e+00 4.225540615827432234e-01
-1.072352173847499701e+00 2.681129670021569211e-01
-9.650459450854909083e-01 -1.115130525914607151e-01
-9.803583674174237705e-01 -1.078981639380527380e-01
-1.050087584733857771e+00 5.092767638692663468e-01
-9.528883782801229607e-01 -2.484618061428502944e-01
-1.211435645500840819e+00 6.317989482233221654e-01
-1.043017222408749722e+00 -7.874830573236812903e-02
-1.099767970635113112e+00 4.543600537115477511e-01
-1.161890067265231696e+00 3.340886529766988744e-01
-1.083190078203640105e+00 3.165148994138813343e-01
-9.728076166867762886e-01 2.333882182186273191e-01
-9.807011425729751375e-01 -2.489462091610130656e-01
-8.684316447862665544e-01 -2.776563982241164741e-01
-9.506251389040001332e-01 -4.725392059799500277e-01
-1.209864696296848452e+00 7.193030591262339346e-01
-9.674371172628604132e-01 2.606829350637860365e-01
-8.373244657370402244e-01 -9.975858961901455935e-01
-1.217645704351061120e+00 6.224699498735641878e-01
-8.756484345190658214e-01 -4.109684589598427973e-01
-1.104767375731315227e+00 4.610773602555247042e-01
-9.641127420805453152e-01 -6.796356050141121319e-01
-1.149252000011676156e+00 1.207967933526119531e-01
-1.093965657610877384e+00 3.373717447739401631e-01
-9.840111134690742167e-01 -2.017895122474244740e-01
-1.229531172093096369e+00 6.802092003964586020e-01
-1.162189951297253998e+00 1.687419741365152603e-01
-8.409697032770755420e-01 -3.475736781654092944e-01
-8.942986066958722446e-01 -6.912221227526722522e-01
-9.685008426453998176e-01 1.688610469572471295e-02
-9.461000196259232720e-01 -6.681662288974443697e-01
-1.081786043256998120e+00 6.580801156670625929e-01
-1.001591432411434557e+00 -4.576650926775764905e-01
-1.160601242155082646e+00 4.151137934105058047e-01
-8.995882334711937656e-01 -4.604549725181084074e-01
-1.021069219498646374e+00 -4.559228764426010994e-01
-1.142538508217481930e+00 6.291318473075968587e-01
-1.184964290112432650e+00 6.098339496639662016e-01
-1.010160065207039715e+00 -1.643342381291741372e-01
-7.620231589326885713e-01 -8.462389444858988696e-01
-8.719358170036649591e-01 -1.886357940364684627e-01
-1.139381769803164524e+00 1.937723542071791982e-01
-9.693769348427891952e-01 1.415345463669814841e-02
-1.144464696742048648e+00 5.350353934618354845e-01
-9.447851495834000968e-01 2.290357762712473821e-01
-7.740646988548844920e-01 -8.105276951755149284e-01
-9.869939409641061978e-01 -2.812738195455941614e-01
-1.138680866499030664e+00 1.177018638789320004e-01
-1.067026782497527471e+00 -2.953080547138831058e-01
-9.249355329116144553e-01 -6.369029002698385344e-01
-9.572277078385538207e-01 -1.683010924868395541e-01
-7.966328914922399251e-01 -9.492644381807988641e-01
-9.246486156709528004e-01 -3.132708802018122629e-01
-9.459322959390009666e-01 -6.273825086251707539e-01
-1.201083864971815185e+00 9.070384645901501397e-01
-1.063118776798383402e+00 -8.667106535122925948e-02
-1.122645857045249995e+00 6.464675402336144128e-01
-1.154986830901680195e+00 8.218466171350569116e-01
-1.133074711638619503e+00 5.788649905411478169e-01
-9.735670884883258491e-01 -5.837377707288737838e-02
-8.993789188671863499e-01 -4.181701511948636707e-01
-8.198178108736051684e-01 -9.401050366496095378e-01
-7.939712370306991618e-01 -6.376124961986633366e-01
-1.195386583424094873e+00 7.759969820634122772e-01
-1.124280930489154562e+00 7.652997809349213476e-01
-1.068816688594770081e+00 -1.834302758765362640e-01
-1.105510766179308213e+00 4.622298131679054567e-01
-1.173333946425567653e+00 6.615066541660934440e-01
-8.230604759253266067e-01 -3.337907213695359143e-01
-8.005108896389070416e-01 -9.321709787218865895e-01
-1.091899986249879939e+00 3.671692748271815354e-02
-1.120025024559911486e+00 3.213228881057637043e-01
-8.815309531322165215e-01 -1.783387196192078861e-01
-7.545999143843526991e-01 -7.887449576276546193e-01
-8.297952940173514147e-01 -6.163602283192812781e-01
-1.028441610999969669e+00 -3.293568376670237274e-01
-1.011607551472998301e+00 -3.106020590667528669e-01
-1.182115975250237705e+00 4.636819142414476680e-01
-8.499542199252987373e-01 -2.894478559987674338e-01
-1.207800311363243839e+00 5.789346730844924238e-01
-8.843617700472945486e-01 -8.047820092298647587e-01
-1.150838050619954256e+00 3.362609339205888670e-01
-1.102200229715356805e+00 6.851092152423465809e-01
-1.088582635369200968e+00 -8.972438242861202617e-02
-1.223203791843081811e+00 8.115239996373149189e-01
-9.663365676069071153e-01 -1.398778582456008390e-01
-1.232794114198179525e+00 7.550343566005057738e-01
-1.148623466380225278e+00 2.715378905222041173e-01
-9.646149572806645978e-01 -1.108847482375407978e-01
-1.192135740938512711e+00 5.928623119915252815e-01
-1.068384592352926932e+00 -2.454933847615083931e-01
-7.515377662295341654e-01 -9.084446315405976247e-01
-9.621487180286756313e-01 -6.199226705207032673e-01
-9.047530021420644442e-01 -8.365573243250765678e-01
-9.205034630082007396e-01 7.166900898609673831e-02
-9.380021808037140030e-01 1.543604010624124445e-01
-1.188719175030894082e+00 7.971861828937722994e-01
-9.533658930440810364e-01 -2.699507607013431620e-01
-8.537310382532594666e-01 -8.904102127462234506e-01
-1.061977116291290324e+00 -3.089842715328328104e-01
-1.184929813555851918e+00 3.586200444344158633e-01
-1.040877414450154914e+00 -1.186413282333975694e-02
-9.177771664056919576e-01 1.018109124520534259e-01
-9.746389677676332575e-01 -5.155197538106761623e-01
-9.255894104302421210e-01 -6.224034711909376405e-01
-9.611368522747170129e-01 -1.689802637681991904e-02
-9.146026443277819329e-01 -3.521832959442903199e-01
-1.081077813321185355e+00 3.471187353394236119e-01
-1.124355324243300647e+00 7.001752964795000533e-01
-1.244090321821212486e+00 8.366153869220831485e-01
-8.024763074001177721e-01 -6.047348148609452689e-01
-1.153640863153182705e+00 4.699053906808106085e-01
-8.187619120159306263e-01 -8.658557114576566072e-01
-9.079112573395269337e-01 -6.069657618179635783e-01
-1.235352379019689639e+00 8.617331274180139999e-01
-9.193207032376828902e-01 1.338234486852825089e-01
-9.005953692217416595e-01 -6.669482147857150878e-01
-8.663101709349361190e-01 -5.083314306636075308e-01
-8.922073969487890333e-01 -4.841936607203569665e-01
-8.501606476122612888e-01 -5.989772631179817175e-01
-9.577852259834020998e-01 -6.774995649606840864e-01
-1.057857132319561799e+00 -1.552617553688695473e-02
-1.064873392368282268e+00 7.237713592649774874e-02
-9.231406044743681871e-01 -1.007280593273032210e-01
-1.082843114502759274e+00 3.961573175767407751e-01
-1.114626758936275497e+00 2.223291741155293266e-01
-8.801588694898153653e-01 -9.046550965809099232e-01
-1.076976357299283205e+00 6.303665468678287809e-01
-9.724840952662746618e-01 3.291316080032913316e-01
-7.873714193981624643e-01 -9.589512962805442076e-01
-1.062234307039964687e+00 -1.605184994918402719e-01
-8.095726030460167477e-01 -4.221931720328944149e-01
-8.410524712904539069e-01 -7.273906184497533900e-01
-9.917173536800095723e-01 -4.057276805519745011e-01
-1.145280196467801881e+00 4.307957461035967217e-01
-9.087703789924901354e-01 -2.238154212097414053e-01
-1.045008252799961346e+00 -3.697278220237185664e-01
-9.347773600105404590e-01 -9.826603263266786570e-02
-7.848804275643528339e-01 -6.274029108015226619e-01
-9.525792491820195274e-01 -4.695042121837904592e-01
-9.143867044710274339e-01 -6.550543879724348706e-01
-1.095869595380316586e+00 -8.748616597404268447e-02
-9.858012375252886983e-01 -3.470389925567909373e-01
-1.105665550886295145e+00 1.537764992808674513e-01
-1.111002050417674081e+00 3.001867706827772153e-01
-1.030130810533698149e+00 2.558300547364118493e-01
-1.004392999685466359e+00 2.130621039309288367e-01
-7.826638363546043475e-01 -6.868169177503808953e-01
-9.684347962578691016e-01 -3.765132974860974091e-01
-8.404952232069320406e-01 -6.278368264162146328e-01
-1.085914955909917712e+00 5.321050498759918312e-01
-1.168317583674270743e+00 7.809421583568589842e-01
-1.192762989159268150e+00 9.439640650068101824e-01
-1.162150569440710157e+00 7.327267544855959880e-01
-7.775837683935645783e-01 -6.642544669572227889e-01
-1.039185970337745957e+00 3.936402579601678831e-01
-7.800954150693842903e-01 -8.832501916631145811e-01
-1.045299511617573396e+00 1.945892714057595452e-01
-1.023525117006998997e+00 -2.634766721564529846e-02
-1.045057262658243724e+00 4.306941702529631932e-01
-9.016124273106858045e-01 -6.434136437262338859e-02
-9.013348350521014352e-01 -4.902094346172247707e-01
-8.392221135452972991e-01 -9.134085492290535679e-01
-9.032267783218863588e-01 -7.470753978341764245e-01
-9.907674365938503591e-01 -3.059120179189391830e-01
-9.696914736804693735e-01 2.652764017537232455e-01
-1.058838232402749435e+00 3.301494116596508377e-01
-7.999681347183567048e-01 -7.880962415770735863e-01
-9.260890091775586530e-01 1.557776747203760692e-01
-9.031146556716764806e-01 -7.160295153265636703e-01
-1.137078421112760251e+00 5.948654560900381583e-01
-1.172673900594418228e+00 7.655028920456252717e-01
-1.193411020302673542e+00 7.056263149995194439e-01
-8.610801871008546549e-01 -8.330248764638299441e-01
-1.047766244020975401e+00 -3.673007743365472866e-01
-1.168858999699202261e+00 2.708067766811841359e-01
-8.981483900836143563e-01 -1.955191960008928476e-01
-8.175600196304632084e-01 -8.498301917774648828e-01
-1.015941132756503551e+00 -3.353621349091513437e-01
-9.872423233730337477e-01 -5.148316430974793079e-01
-8.304019795988353270e-01 -5.703080723454092560e-01
-9.569731072872798006e-01 -4.127975447959406630e-01
-1.171539130832918829e+00 8.134569696232409886e-01
-1.036610994606991687e+00 -2.587451021202971102e-01
-9.013174441327761466e-01 -7.472260343792194170e-01
-1.200713170706569910e+00 7.521607507923735447e-01
-9.163190029045483742e-01 -9.387462950043068410e-02
-1.062136914176610825e+00 1.450387015270886426e-01
-1.046839368968826678e+00 4.656707480040673808e-01
-8.836469819575054618e-01 -1.788223951433218772e-01
-1.033524883872379174e+00 1.687966076704989771e-01
-1.153592335755627696e+00 8.086314819496147610e-01
-1.041904006067352562e+00 -3.339098327903780028e-01
-1.193814587698870611e+00 7.925962657261775846e-01
-1.180901577460486740e+00 3.856009067312760052e-01
-8.387306128749384415e-01 -5.572091499034224071e-01
-1.055603610541834270e+00 2.463932853934049927e-01
-1.023173234964379841e+00 -9.649146302486899529e-02
-9.425151097080417539e-01 -4.674182837692177905e-01
-8.175266151143875115e-01 -5.265177135363610095e-01
-1.137995803184506993e+00 1.922822134662540705e-01
-1.042724091104420658e+00 4.889794451381470619e-01
-1.103672253304904594e+00 5.832659396652204453e-01
-1.127637567946855102e+00 7.367108585798305409e-01
-1.181638932514089468e+00 9.000777786562683680e-01
-9.742708373549036072e-01 -6.509223058193660538e-01
-1.038859127048927800e+00 1.245378037629700785e-01
-1.207283893034450495e+00 6.925449896160866814e-01
-8.930751854809995116e-01 -6.823192679684761952e-01
-1.103984060197356731e+00 5.191502700480423727e-01
-1.054010906514059487e+00 3.041998337222484583e-01
-1.222475760055034000e+00 7.594031844620550142e-01
-1.118943745020536618e+00 3.181341471665621867e-01
-1.111869634292641740e+00 3.891899272182592906e-01
-1.072048932837557977e+00 -2.220371289158571404e-01
-1.008742645355813705e+00 -9.259005627472460809e-02
-8.094811313627191529e-01 -6.477517899684941405e-01
-1.046907469103673050e+00 -2.753812525592775895e-01
-9.218904729919382701e-01 -1.722335190446393494e-01
-1.180136283411560294e+00 4.158600528471259050e-01
-1.096604802492557873e+00 -3.580822030732178085e-02
-1.016359583037934389e+00 3.145165216727503488e-01
-1.146828190136604642e+00 4.466668304563310432e-01
-9.455537190338740849e-01 -4.322467181313061069e-01
-1.105271567120322151e+00 6.083010280827652050e-01
-9.852270864334720102e-01 1.100443245847473328e-01
-8.571155174178972658e-01 -4.766825965921566155e-01
-1.194722608679980924e+00 9.526878727586445272e-01
-9.383689863750990234e-01 -5.217139310693208465e-02
-1.204818469360246169e+00 8.006460776274002544e-01
-1.050983356171361294e+00 5.078566281771739188e-01
-8.077914582653431541e-01 -9.603400853872592347e-01
-1.191197275941182188e+00 6.465133401967091409e-01
-1.026233348335895190e+00 2.434479715588255822e-01
-1.174942424413188302e+00 6.455155646559382898e-01
-9.154139402875559606e-01 -8.204972528839047374e-01
-1.066523163328419344e+00 4.079740777520921569e-01
-7.705791889830091446e-01 -8.370084568639999389e-01
-1.134286635663426468e+00 1.007884425193721345e-01
-8.426312021821117382e-01 -7.996586379463745953e-01
-1.061267001917381769e+00 3.156517419715727524e-01
-9.508530543196233031e-01 -6.041117366574944025e-01
-1.220479512027789593e+00 6.188824832894248562e-01
-9.209689661364168778e-01 -6.215568170467367093e-01
-1.157347529377003026e+00 3.317384309953050892e-01
-1.115575312302724331e+00 5.548381944225477813e-01
-8.537257842008959541e-01 -5.276921228120992069e-01
-1.167034858866365710e+00 4.226705871327123276e-01
-1.249560490809450197e+00 8.763266873588237971e-01
-1.004431310181900017e+00 -3.170261683154924626e-01
-1.144696521559320557e+00 1.339647822122411736e-01
-7.622011432257927988e-01 -9.241859715736644443e-01
-9.000320642702729357e-01 -1.112259998345821455e-01
-9.456699010388605053e-01 2.088702783412894615e-01
-7.891675852646087286e-01 -8.245752998109232568e-01
-8.430127951610926207e-01 -6.062432116011471361e-01
-1.048673617289315629e+00 -2.196257182746026437e-01
-1.095752901472813789e+00 2.734974728621608620e-01
-1.099716815185893592e+00 1.556816131789473534e-01
-7.713628060868824576e-01 -8.285872069226902781e-01
-1.009161193672451384e+00 2.135613108368092927e-01
-1.113196851931997244e+00 2.744968035419466101e-01
-1.029111716201354554e+00 3.872939577072407324e-01
-9.639920568042962268e-01 -6.069317325042751232e-01
-8.755563765286157318e-01 -9.690531239602919733e-01
-1.061322595598670260e+00 -2.084380230635152209e-02
-1.041980000386234506e+00 -2.839598494137585138e-01
-9.013734931622232605e-01 -6.119009475555918787e-01
-1.049421293250343057e+00 5.200431137709264906e-01
-9.914646986191928413e-01 -8.389371937821699099e-02
-9.967826350892966536e-01 3.181689940630891833e-01
-1.068407195402628851e+00 8.906069718768327981e-02
-1.119726026153379905e+00 5.176184219240633766e-01
-9.374177357836587232e-01 -5.907549130053995068e-01
-8.793762754434627515e-01 -5.943496063641870997e-01
-8.913302417978008485e-01 -5.460247586872903902e-01
-1.041157095974638125e+00 9.481898881269557045e-02
-8.994285229875779164e-01 -3.151639149740403933e-01
-1.190345773235321758e+00 4.414140767484049377e-01
-1.116658733359687794e+00 2.822950348486652494e-01
-9.534436179154472946e-01 -3.695589751396239908e-01
-9.963725301403261181e-01 3.723745726569900327e-01
-9.001749804597605209e-01 -6.708560613858518540e-01
-9.207496521673879109e-01 -6.161069970304002830e-01
-1.228566745263416582e+00 9.449669994416456387e-01
-1.008522226173605540e+00 -3.898952478150774503e-01
-7.898972864342759248e-01 -8.724007326111455907e-01
-1.068385382103557379e+00 3.949166470358662639e-01
-1.031779821432666777e+00 5.161503818334369775e-01
-1.025476708952187899e+00 -3.143488993864016479e-01
-8.606274564885389999e-01 -4.388669622991745456e-01
-1.186555783179682244e+00 4.031962444508165877e-01
-1.018083644016753331e+00 3.756529444049478972e-01
-9.236459428906376168e-01 6.408886338043107145e-02
-1.055454648654770011e+00 2.427278146290248184e-01
-1.087218788729742425e+00 6.174813871082831529e-01
-1.129869636499218233e+00 1.247541474134639117e-01
-1.137259699121175194e+00 4.140115684741039193e-01
-8.768196493095359312e-01 -5.718691358727634455e-01
-8.812104434028404931e-01 -8.082741410888589773e-01
-8.878856293834391789e-01 -2.824556588494260279e-01
-9.789467077356985847e-01 9.863705888294882485e-03
-8.386798818519000109e-01 -3.533472248022393458e-01
-8.372603444744828316e-01 -3.050326567475278861e-01
-1.222585506480928785e+00 8.341090383733438252e-01
-9.020491257244166450e-01 -3.654082679947316947e-01
-8.286817318997683479e-01 -7.373213147047261717e-01
-8.824914276253330581e-01 -6.472831756244223911e-02
-1.194381964801450424e+00 4.035498777382984237e-01
-1.080752275448640276e+00 4.604256882198216605e-01
-8.531916399096459713e-01 -9.445739915989301849e-01
-1.012441653012743137e+00 -1.633704218533704733e-02
-8.435556874790484105e-01 -5.121492067141246718e-01
-7.580878100501331485e-01 -9.702201839441095821e-01
-1.243928459628077077e+00 8.429263967689240022e-01
-1.059118300223248488e+00 3.465171777281335075e-01
-1.146450862311813035e+00 8.000712884664753499e-01
-1.150681118991041085e+00 6.281368462904564076e-01
-9.344781635237461304e-01 -5.877563579682592021e-01
-1.097434558707173879e+00 -7.427541521392022617e-03
-1.185096398161644027e+00 3.517515130675494817e-01
-9.393814080731492933e-01 2.227259153476013331e-02
-8.909403814666231325e-01 -9.370702166211533068e-01
-9.424148756911786551e-01 -5.652261668000100325e-01
-1.080616232648375696e+00 -1.854008493151726444e-01
-1.050804667648860269e+00 -1.592786512935233656e-01
-1.110337196990346831e+00 5.879303911732756127e-01
-8.943747622016571253e-01 -6.655065439702536612e-01
-8.658045048624096740e-01 -3.303058311174933426e-01
-1.077252210382415365e+00 -1.442459714689425798e-01
-1.058604917727929307e+00 1.603989061387500747e-02
-1.053222326328620895e+00 1.814608117607900972e-01
-9.101269170613472959e-01 -1.617477861192886390e-01
-1.132186448384955302e+00 5.656038061262180783e-02
-9.968380756826115130e-01 1.628166162579194332e-01
-1.076063081929933052e+00 -2.024647957946374977e-01
-1.036644364401377416e+00 8.919155791481858664e-02
-1.097388512760208101e+00 6.100503140483723996e-01
-1.024402152522287945e+00 -2.761791721639355046e-01
-8.068403979167836360e-01 -5.543827779585495108e-01
-9.659472112558106227e-01 -6.415296934956771224e-01
-1.168198747230743129e+00 1.970749325602108026e-01
-1.023081709297835040e+00 3.203457352451726248e-01
-1.073752888852843590e+00 5.443360452102830038e-01
-1.124316130588972396e+00 6.563396176943105953e-01
-1.173639805534932634e+00 7.420852945009575041e-01
-1.149583961682882904e+00 6.242277763563952586e-01
-8.638051843303153898e-01 -8.848373857241862428e-01
-1.098658948108683475e+00 6.164125041721133513e-01
-1.109663030356803137e+00 5.823539579736003446e-01
-7.820862371701609028e-01 -7.879986697862035872e-01
-1.086414148295970161e+00 8.766399835915983374e-02
-1.102778343436032760e+00 2.712084816146551614e-01
-7.873715351173199428e-01 -9.228040228657947708e-01
-1.005821251379293679e+00 2.915107141950745717e-01
-8.765909446566000351e-01 -5.259964824358378532e-01
-1.227939585300708680e+00 9.489815695731982359e-01
-8.860631570835493243e-01 -6.098298400809283315e-01
-8.066756456726337232e-01 -4.905729026688778749e-01
-9.857085140144183910e-01 3.226813833897119732e-01
-1.180321902880063334e+00 4.303496924488172670e-01
-1.059151180009727744e+00 3.058874086045069163e-01
-8.189163906653207370e-01 -8.625731185692664393e-01
-8.019100096572924219e-01 -7.604716692504027709e-01
-9.778182996629500856e-01 -4.527265410991800909e-01
-8.825115801024741025e-01 -5.313468100526117510e-01
-8.192627080149569307e-01 -4.434924373914899132e-01
-9.324155607869029083e-01 -1.422357571336188009e-01
-1.085410468435440201e+00 1.337697518266798280e-01
-9.497847431409878194e-01 -7.319151084909629734e-01
-1.147208130194116826e+00 4.366543628625210172e-01
-1.244268530410249873e+00 9.804367881768365489e-01
-9.553176562119038984e-01 1.758457016481977941e-01
-1.216453087170224823e+00 9.356184616798255416e-01
-1.218279446548831135e+00 7.612474355822131944e-01
-9.677368473634886392e-01 -5.276010501141703557e-01
-7.557338784613336635e-01 -8.521807196300972276e-01
-8.616158606178305757e-01 -9.374253993885777181e-01
-1.061383754610686125e+00 4.117786255557571717e-01
-9.939261560045195010e-01 1.350130035174896825e-01
-7.664366117528327305e-01 -9.089971851596974073e-01
-1.021712713913379034e+00 2.556991741309000421e-01
-1.016002224249215935e+00 -3.984765868300854663e-02
-1.007960904701413307e+00 -3.844377269415257814e-01
-7.706648822604591498e-01 -7.971424747440942760e-01
-1.022291516010610080e+00 4.617028425362335042e-01
-1.043864654061176012e+00 -1.923411341274796627e-01
-7.848733173111692718e-01 -7.384899545572169988e-01
-8.224541191315928312e-01 -5.826522694050348949e-01
-9.982021527020670248e-01 -4.728708245497026397e-01
-1.015756091283520846e+00 -2.459368153935523882e-01
-1.020560510667091858e+00 3.788699405314583935e-01
-1.089139342901621177e+00 1.677219773173264095e-01
-1.010681922694933732e+00 2.185188725079187932e-01
-9.458274696501611789e-01 -1.231279636069617656e-01
-8.521174053217388522e-01 -8.591808768313768940e-01
-9.359364535552785469e-01 -3.678434699424797394e-01
-9.200891150142355146e-01 -2.852264517147240497e-02
-9.362110771298675083e-01 -5.596047090697739979e-01
-1.220523582089715786e+00 9.924596342734413046e-01
-1.045818287584391548e+00 -2.169646026599421074e-01
-1.216870554657357273e+00 9.153956819980049175e-01
-1.073102482456382623e+00 -2.256565093853770687e-01
-9.589760396229648487e-01 -2.980477430971095743e-01
-1.178905940672113184e+00 6.811699865742386617e-01
-9.274940017074764231e-01 -6.909110871136119325e-01
-1.215106453744527748e+00 5.206889924073794251e-01
-1.056233951302101293e+00 1.313548431153059859e-01
-1.030630373334139760e+00 -1.426403763821177950e-01
-8.450202098825081443e-01 -3.131600451894542836e-01
-9.413953791172597896e-01 -4.200559977132867218e-01
-8.848104191754871950e-01 -6.995283124803999275e-01
-9.335441903110709427e-01 -3.491845960287642825e-01
-8.661368877488945239e-01 -2.022124400656610810e-01
-1.196760016086111822e+00 9.501066503836999022e-01
-1.006943333185642553e+00 3.034168831682073630e-01
-7.939509957939649976e-01 -7.154529834203715577e-01
-1.144282008181959576e+00 4.598619822768026388e-01
-8.098313958182818961e-01 -7.603443426395537497e-01
-1.211369233032206782e+00 4.983480612492958706e-01
-9.463110216895536109e-01 -1.226958396762567460e-03
-8.695120912344206365e-01 -1.635310706215766796e-01
-8.654244183172439264e-01 -4.426885457129181578e-01
-8.471472917712956630e-01 -2.892983323625579750e-01
-1.140340096478878795e+00 6.947440254389558589e-01
-9.866797871849339874e-01 -4.727388760622368569e-01
-9.843570590122067143e-01 3.214222981664824896e-01
-1.062208884427354949e+00 1.454312220053175508e-01
-1.165384200151119209e+00 5.239855415129406335e-01
-1.121320739833800761e+00 5.140571509160078989e-01
-9.394643495034933345e-01 -6.550449639929836199e-01
-1.081181753144000002e+00 -1.119129667561300501e-01
-1.111698169259636826e+00 1.197910443845879858e-01
-1.095954725988134149e+00 5.472446515855542426e-01
-1.106182155949531953e+00 1.416110468559330648e-01
-1.026981403232571921e+00 2.580909045923003298e-01
-1.145791258433369375e+00 3.587946112574427193e-01
-9.641761671414939006e-01 -2.900086269493453717e-01
-1.152850737853942320e+00 4.303604159839282683e-01
-1.037682706177760705e+00 5.228575748315504867e-01
-1.104379108665648479e+00 3.652063825047255907e-01
-9.623103272827094878e-01 1.768088329933088509e-01
-7.923984648555295607e-01 -9.829666825007488118e-01
-8.217449681989246191e-01 -6.543096561732153482e-01
-8.010671074572918160e-01 -5.720015034495988804e-01
-9.930394936163284836e-01 1.967650901957342935e-01
-1.055429370516184795e+00 1.307657288334371781e-01
-1.143320248714225107e+00 5.126964215512785916e-01
-9.639739402620695063e-01 1.148743554048947679e-02
-1.046068964901230913e+00 2.085757450566985138e-01
-1.042907077944372984e+00 2.565408441457071032e-01
-9.870640647285062741e-01 -4.730684034164023277e-01
-1.078646564712297140e+00 1.029443331800035111e-01
-9.509666781631875843e-01 -4.512192444520728429e-01
-9.430671903283170954e-01 1.234244250699807477e-01
-1.137217040155950265e+00 2.217016906529034603e-01
-9.694631723387967526e-01 -4.140818589843879849e-01
-1.145536396410565372e+00 7.147975511659212522e-01
-1.093396825973328879e+00 -1.354441834208244266e-01
-1.012579637029090929e+00 -3.723654851344937455e-01
-1.094757249594044968e+00 4.222032126045949241e-01
-8.741488735302845869e-01 -5.376538096396987765e-01
-9.377875203459633546e-01 1.292776345577180130e-01
-1.110837376132447485e+00 4.296252426629600940e-01
-9.764546390984676361e-01 -3.878992774543084110e-01
-1.067109515764712802e+00 2.690969444501254415e-01
-1.035589461073966877e+00 1.279250489716001749e-01
-8.330287851706184021e-01 -3.378510287693841097e-01
-1.166897804458081112e+00 3.348412119464934111e-01
-7.618411925687527120e-01 -8.056509971655296809e-01
-8.130848137872989101e-01 -9.891850460065767514e-01
-1.160426443487367010e+00 8.016282050577230311e-01
-9.385172768616115713e-01 -1.863303785054646333e-01
-8.813031246466591639e-01 -8.879776241607668652e-01
-1.130847211172172573e+00 3.089743606446182511e-02
-9.298429559456379279e-01 -1.904698041501307060e-01
-1.017422579408914451e+00 -5.408866285069313662e-03
-7.599586896311030237e-01 -7.870226148733174831e-01
-8.063272331320286979e-01 -4.578932918477705005e-01
-9.488999089717728985e-01 -4.705969315632994032e-01
-1.120048858125584079e+00 3.542412580954017454e-01
-8.333573002431420296e-01 -9.650124415687846291e-01
-9.342770701470618500e-01 -3.922453937931431600e-01
-1.001182520019778588e+00 2.434340035800139912e-01
-7.817128095314258562e-01 -7.170475614642528583e-01
-1.151853938504106667e+00 6.781511289330695025e-01
-9.442942749003169212e-01 -6.466852957571895821e-01
-1.071066849285781331e+00 5.458215302439501926e-01
-9.894856832224803167e-01 2.602071462097015342e-01
-1.025475728453840940e+00 -3.663510721441356477e-01
-8.841563886132901562e-01 -8.227950606925302779e-01
-1.122889765532137929e+00 1.295188771658437599e-01
-1.164808560669908788e+00 8.304155245090603099e-01
-8.780444774724089907e-01 -6.403215475180703553e-01
-1.003107782411496451e+00 2.590181054938760496e-01
-8.895122531958639112e-01 -4.732439655579823157e-01
-9.087634821376504579e-01 -4.539179074623971299e-01
-1.019138583197627623e+00 4.741571935260471271e-01
-7.879787622500418198e-01 -6.355180909899373898e-01
-1.194461684028526705e+00 4.251523257243829956e-01
-1.051070023001291931e+00 2.586392181456687034e-01
-8.224736100069349742e-01 -6.423016357677466814e-01
-1.221775488766375428e+00 9.008644911639067665e-01
-9.811457639680102316e-01 1.351913950836003409e-02
-1.031718009423554516e+00 -3.455205450832308234e-01
-1.123262866993398612e+00 3.840541818297824594e-01
-8.938639684566853649e-01 -3.746378304611241994e-01
-8.130514779767135103e-01 -8.467915552903033660e-01
-1.138307423162471688e+00 9.999283658377344786e-02
-1.010162754274591013e+00 -3.807012958653384072e-01
-9.779787947816478422e-01 2.048101691866788254e-01
-1.201159808015657360e+00 8.891160500563572988e-01
-8.208714861609771596e-01 -4.190336014844828760e-01
-1.073855099841541483e+00 3.459616228109800851e-01
-9.042022166552352580e-01 4.475958541171087823e-02
-1.052100838777255465e+00 3.009021050313680501e-01
-8.122315861111424340e-01 -5.863014688825662901e-01
-7.639560603177311116e-01 -7.309433230274453575e-01
-7.876821199675423379e-01 -9.775576547995752374e-01
-1.129196671365082727e+00 1.321236758152990465e-01
-7.667765624767302057e-01 -7.347707396076985642e-01
-8.594966377287894810e-01 -9.652806795537778317e-01
-1.027709968459278533e+00 4.882699426876482285e-01
-1.197885547272857121e+00 4.401982562523005793e-01
-1.246795429064865068e+00 6.951410834633577895e-01
-8.420376039048531602e-01 -3.807952213081797765e-01
-9.897438564836218422e-01 7.514837340167446200e-03
-1.174516945639330734e+00 3.625581166648321751e-01
-8.362044456672446113e-01 -4.592174384240330642e-01
-8.084972203313566252e-01 -7.494820340034173967e-01
-1.051451147372978401e+00 -2.971364349593024201e-01
-1.130966872595175143e+00 9.317804778821603406e-03
-1.192125437693392520e+00 5.474957398320137170e-01
-9.885345992646926705e-01 7.749134925396838902e-02
-8.705712137650605253e-01 -2.936537347252148322e-01
-1.228671902166537322e+00 6.292753877503884929e-01
-1.044164487019395127e+00 5.431299078971132399e-01
-8.905970324202487909e-01 -6.024980054262523144e-01
-9.831535397088302375e-01 -2.981965926158063329e-01
-9.984890399614523293e-01 1.681258913305438973e-02
-1.133586779897909569e+00 5.584197658748619730e-01
-1.047729717680263795e+00 4.320845718523871337e-01
-8.525258835902915777e-01 -3.644633118036049169e-01
-9.858604877365386709e-01 -5.786419221531697854e-01
-1.031519445627159470e+00 1.268937118377346795e-01
-1.046795644667453118e+00 7.122360283903494960e-02
-9.740163798637141435e-01 1.047539886919255370e-01
-1.091040917928920884e+00 4.881335806164213142e-01
-1.208087986083251408e+00 7.243836700500576598e-01
-9.374040419829372528e-01 -2.225136141016039737e-01
-1.014771797715311674e+00 1.378143264355176090e-01
-1.097596789075565127e+00 -1.315360396282017064e-02
-1.136398637433537750e+00 6.236172570505602586e-01
-8.997409225032728664e-01 -4.841643735338541088e-01
-1.043461899901519274e+00 1.142362788245709915e-01
-1.080768478366092467e+00 5.057655153867202102e-01
-8.063050828136595349e-01 -7.175154785976858296e-01
-8.911338763979667066e-01 -4.227563514616208273e-01
-1.112585351501013564e+00 1.278255038305564639e-01
-8.276260234813246353e-01 -8.382167438171164164e-01
-9.471942945492786148e-01 -2.664114552733749530e-01
-1.194049987763885934e+00 4.423108609256010126e-01
-9.209231677890661327e-01 7.607038769540475087e-02
-9.863214037085787922e-01 -5.237685445724715727e-02
-1.132755963754015660e+00 4.035026490959088274e-01
-1.168094806778827266e+00 3.076349975214964783e-01
-1.177402926772635805e+00 3.927508728016271267e-01
-1.160088653379083068e+00 4.518546567039858353e-01
-9.323818861251254031e-01 -7.358967004139223000e-01
-1.148871101119644855e+00 8.147112363316442174e-01
-8.125736320350738229e-01 -7.253977371939803742e-01
-9.290529262541034061e-01 -5.901453809115528859e-01
-9.821208101086706943e-01 2.618116419314544530e-01
-9.700393585247477635e-01 -6.613473255362050107e-01
-9.529950496941237414e-01 -1.128753521991829878e-01
-9.404672866936554243e-01 -6.910178968042264280e-01
-9.835488053020641219e-01 1.936880687614606078e-01
-1.038673795351342743e+00 -2.814421361529009236e-01
-8.802080936283012136e-01 -9.465427282128056063e-01
-1.138781893169813486e+00 5.983122154091233824e-01
-1.230306466552203437e+00 7.597417920687477011e-01
-9.367767073962376401e-01 1.938795928456031881e-01
-1.017198947852268720e+00 -1.473781172933099626e-01
-8.820279155318336839e-01 -7.169902096429625615e-02
-1.095765980267278117e+00 6.189307860218613566e-01
-1.109165706991455558e+00 1.945591651926190657e-01
-1.071148210070637763e+00 5.903498831268407798e-01
-8.535442214202693112e-01 -8.114751778070989907e-01
-9.619269836449966249e-01 2.759176166487695703e-01
-1.170575516639370095e+00 2.711657775270384096e-01
-9.495396616987017424e-01 -3.694627954148042015e-01
-1.199361061879530066e+00 4.039602856987529744e-01
-1.078631857655498294e+00 -1.526089535282770804e-01
-1.085712770627638601e+00 6.713890290596489230e-01
-1.060076987191326037e+00 -1.209346623947316068e-02
-8.058853840141866343e-01 -4.712276428787636195e-01
-1.029614908721830036e+00 -3.506180982053608286e-01
-1.211149695451782859e+00 6.614788816022820761e-01
-9.762236626010925011e-01 -3.012534095019385738e-01
-9.673336270852848084e-01 -2.053968263205456779e-01
-8.003847165670576747e-01 -4.763530812086722577e-01
-9.218060579757241246e-01 -1.816722791931679737e-01
-9.014421897576225806e-01 -8.202498817347299020e-01
-1.168552937403524838e+00 4.863071526373792253e-01
-1.029078891335542201e+00 4.494392255571311168e-01
-1.101431380024274542e+00 7.052947874194606115e-01
