0.0150 1.0000
0.0250 1.0000
0.0350 1.0000
0.0450 1.0000
0.0550 1.0000
0.0650 1.0000
0.0750 1.0000
0.0850 1.0000
0.0950 1.0000
0.1050 1.0000
0.1150 1.0000
0.1250 1.0000
0.1350 0.9950
0.1450 0.9798
0.1550 0.9590
0.1650 0.9367
0.1750 0.9195
0.1850 0.9138
0.1950 0.9014
0.2050 0.8692
0.2150 0.8250
0.2250 0.7669
0.2350 0.7179
0.2450 0.6989
0.2550 0.6906
0.2650 0.6983
0.2750 0.7355
0.2850 0.7949
0.2950 0.8738
0.3050 0.9451
0.3150 0.9811
0.3250 0.9947
0.3350 0.9988
0.3450 0.9982
0.3550 0.9953
0.3650 0.9873
0.3750 0.9755
0.3850 0.9608
0.3950 0.9481
0.4050 0.9420
0.4150 0.9399
0.4250 0.9420
0.4350 0.9497
0.4450 0.9609
0.4550 0.9751
0.4650 0.9879
0.4750 0.9947
0.4850 0.9973
0.4950 0.9982
0.5050 0.9984
0.5150 0.9950
0.5250 0.9834
0.5350 0.9669
0.5450 0.9495
0.5550 0.9309
0.5650 0.9109
0.5750 0.8889
0.5850 0.8683
0.5950 0.8550
0.6050 0.8468
0.6150 0.8396
0.6250 0.8331
0.6350 0.8260
0.6450 0.8170
0.6550 0.8083
0.6650 0.7999
0.6750 0.7899
0.6850 0.7784
0.6950 0.7654
0.7050 0.7520
0.7150 0.7410
0.7250 0.7318
0.7350 0.7226
0.7450 0.7135
0.7550 0.7047
0.7650 0.6966
0.7750 0.6902
0.7850 0.6850
0.7950 0.6799
0.8050 0.6752
0.8150 0.6709
0.8250 0.6673
0.8350 0.6647
0.8450 0.6624
0.8550 0.6601
0.8650 0.6578
0.8750 0.6560
0.8850 0.6552
0.8950 0.6553
0.9050 0.6564
0.9150 0.6585
0.9250 0.6617
0.9350 0.6659
0.9450 0.6707
0.9550 0.6759
0.9650 0.6814
0.9750 0.6870
0.9850 0.6928
0.9950 0.6989
1.0050 0.7057
1.0150 0.7131
1.0250 0.7209
1.0350 0.7290
1.0450 0.7374
1.0550 0.7466
1.0650 0.7570
1.0750 0.7672
1.0850 0.7765
1.0950 0.7844
1.1050 0.7907
1.1150 0.7964
1.1250 0.8019
1.1350 0.8064
1.1450 0.8106
1.1550 0.8153
1.1650 0.8207
1.1750 0.8269
1.1850 0.8327
1.1950 0.8372
1.2050 0.8404
1.2150 0.8433
1.2250 0.8466
1.2350 0.8505
1.2450 0.8550
1.2550 0.8596
1.2650 0.8639
1.2750 0.8685
1.2850 0.8732
1.2950 0.8777
1.3050 0.8826
1.3150 0.8875
1.3250 0.8932
1.3350 0.8999
1.3450 0.9068
1.3550 0.9135
1.3650 0.9197
1.3750 0.9256
1.3850 0.9319
1.3950 0.9387
1.4050 0.9461
1.4150 0.9535
1.4250 0.9599
1.4350 0.9655
1.4450 0.9703
1.4550 0.9742
1.4650 0.9777
1.4750 0.9805
1.4850 0.9825
1.4950 0.9847
1.5050 0.9868
1.5150 0.9881
1.5250 0.9877
1.5350 0.9861
1.5450 0.9847
1.5550 0.9846
1.5650 0.9856
1.5750 0.9878
1.5850 0.9914
1.5950 0.9966
